- rotation : [0.96714, 0.0212521, 0.253354, 0.223165, 0.406462, -0.885994, -0.121808, 0.91342, 0.388363]
  translation : [-0.0339036, 0.0048174, 0.533866]
- rotation : [0.96714, 0.0124017, 0.253941, 0.223165, 0.43712, -0.871277, -0.121808, 0.899318, 0.419989]
  translation : [-0.0489036, 0.0498174, 0.513866]
- rotation : [0.96714, 0.0124017, 0.253941, 0.223165, 0.43712, -0.871277, -0.121808, 0.899318, 0.419989]
  translation : [-0.0739036, 0.0898174, 0.483866]
- rotation : [0.960892, 0.0199804, 0.276201, 0.239451, 0.441059, -0.864945, -0.139103, 0.897256, 0.419026]
  translation : [-0.0889036, 0.129817, 0.463866]
- rotation : [0.981079, 0.00766608, 0.193454, 0.172901, 0.414897, -0.893289, -0.0871117, 0.909836, 0.405722]
  translation : [0.141096, 0.169817, 0.453866]
- rotation : [0.981079, 0.00766608, 0.193454, 0.172901, 0.414897, -0.893289, -0.0871117, 0.909836, 0.405722]
  translation : [0.166096, 0.109817, 0.433866]
- rotation : [0.981079, 0.00766608, 0.193454, 0.172901, 0.414897, -0.893289, -0.0871117, 0.909836, 0.405722]
  translation : [0.181096, 0.0648174, 0.453866]
- rotation : [0.96714, 0.0168295, 0.253686, 0.223165, 0.421855, -0.878769, -0.121808, 0.906507, 0.404237]
  translation : [0.191096, 0.0348174, 0.518866]
