- rotation : [0.267684, -0.067714, 0.961124, -0.873538, -0.437953, 0.212435, 0.406543, -0.896444, -0.176384]
  translation : [0.0441607, -0.0375812, 0.509151]
- rotation : [0.250408, -0.0541868, 0.966623, -0.871125, -0.448246, 0.200542, 0.422418, -0.892267, -0.159448]
  translation : [-0.00583929, -0.0475812, 0.514151]
- rotation : [0.250408, -0.0541868, 0.966623, -0.871125, -0.448246, 0.200542, 0.422418, -0.892267, -0.159448]
  translation : [-0.0558393, -0.0575812, 0.524151]
- rotation : [0.250408, -0.0541868, 0.966623, -0.871125, -0.448246, 0.200542, 0.422418, -0.892267, -0.159448]
  translation : [-0.105839, -0.0675812, 0.529151]
- rotation : [0.250408, -0.0541868, 0.966623, -0.871125, -0.448246, 0.200542, 0.422418, -0.892267, -0.159448]
  translation : [-0.160839, -0.0775812, 0.539151]