- rotation : [0.974336, -0.224207, 0.0200111, 0.189293, 0.864218, 0.46615, -0.121808, -0.450399, 0.884479]
  translation : [-0.0834951, 3.82933e-05, 0.535513]
- rotation : [0.97749, -0.209098, 0.0281393, 0.172269, 0.867997, 0.46573, -0.121808, -0.450399, 0.884479]
  translation : [-0.0884951, 0.0350383, 0.520513]
- rotation : [0.97749, -0.208575, 0.0317824, 0.172269, 0.875989, 0.450518, -0.121808, -0.434902, 0.892201]
  translation : [-0.108495, 0.0650383, 0.445513]
- rotation : [0.97749, -0.208575, 0.0317824, 0.172269, 0.875989, 0.450518, -0.121808, -0.434902, 0.892201]
  translation : [-0.118495, 0.105038, 0.430513]
- rotation : [0.977914, -0.2089, -0.00669682, 0.189988, 0.875117, 0.445056, -0.0871117, -0.436499, 0.895478]
  translation : [0.116505, 0.155038, 0.455513]
- rotation : [0.972817, -0.231576, 0.000808508, 0.206671, 0.869759, 0.448115, -0.104476, -0.435766, 0.893976]
  translation : [0.126505, 0.115038, 0.475513]
- rotation : [0.972817, -0.231576, 0.000808508, 0.206671, 0.869759, 0.448115, -0.104476, -0.435766, 0.893976]
  translation : [0.136505, 0.0800383, 0.490513]
- rotation : [0.972817, -0.231576, 0.000808508, 0.206671, 0.869759, 0.448115, -0.104476, -0.435766, 0.893976]
  translation : [0.141505, 0.0400383, 0.510513]
