- rotation : [0.972817, 0.00466352, 0.23153, 0.206671, 0.433574, -0.877098, -0.104476, 0.901106, 0.420824]
  translation : [0.0842008, 0.137022, 0.467804]
- rotation : [0.97749, 0.0352503, 0.208017, 0.172269, 0.435873, -0.883368, -0.121808, 0.899318, 0.419989]
  translation : [0.179201, 0.157022, 0.457804]
- rotation : [0.97749, 0.0352503, 0.208017, 0.172269, 0.435873, -0.883368, -0.121808, 0.899318, 0.419989]
  translation : [0.189201, 0.0970219, 0.482804]
- rotation : [0.97749, 0.0352503, 0.208017, 0.172269, 0.435873, -0.883368, -0.121808, 0.899318, 0.419989]
  translation : [0.0992008, 0.0770219, 0.497804]
- rotation : [0.97749, 0.0352503, 0.208017, 0.172269, 0.435873, -0.883368, -0.121808, 0.899318, 0.419989]
  translation : [0.109201, 0.0220219, 0.522804]
- rotation : [0.97749, 0.0352503, 0.208017, 0.172269, 0.435873, -0.883368, -0.121808, 0.899318, 0.419989]
  translation : [0.204201, 0.0370219, 0.512804]
- rotation : [0.97749, 0.0352503, 0.208017, 0.172269, 0.435873, -0.883368, -0.121808, 0.899318, 0.419989]
  translation : [0.219201, -0.0229781, 0.542804]
- rotation : [0.97749, 0.0352503, 0.208017, 0.172269, 0.435873, -0.883368, -0.121808, 0.899318, 0.419989]
  translation : [0.124201, -0.0379781, 0.552804]
- rotation : [0.97749, 0.207401, -0.0387083, 0.172269, -0.890501, -0.421107, -0.121808, 0.404959, -0.906185]
  translation : [0.134201, -0.0929781, 0.562804]
- rotation : [0.97749, 0.207401, -0.0387083, 0.172269, -0.890501, -0.421107, -0.121808, 0.404959, -0.906185]
  translation : [0.229201, -0.0779781, 0.552804]