- rotation : [0.981079, -0.00459865, -0.193551, 0.172901, -0.429005, 0.8866, -0.0871117, -0.90329, -0.420093]
  translation : [0.122164, -0.0130798, 0.542672]
- rotation : [0.981079, -0.00459865, -0.193551, 0.172901, -0.429005, 0.8866, -0.0871117, -0.90329, -0.420093]
  translation : [0.107164, 0.0469202, 0.512672]
- rotation : [0.981079, -0.00459865, -0.193551, 0.172901, -0.429005, 0.8866, -0.0871117, -0.90329, -0.420093]
  translation : [0.0921636, 0.10692, 0.487672]
- rotation : [0.981079, -0.00459865, -0.193551, 0.172901, -0.429005, 0.8866, -0.0871117, -0.90329, -0.420093]
  translation : [0.187164, 0.12192, 0.477672]
- rotation : [0.981079, -0.00459865, -0.193551, 0.172901, -0.429005, 0.8866, -0.0871117, -0.90329, -0.420093]
  translation : [0.197164, 0.0669202, 0.502672]
- rotation : [0.981079, -0.00459865, -0.193551, 0.172901, -0.429005, 0.8866, -0.0871117, -0.90329, -0.420093]
  translation : [0.212164, 0.00692016, 0.527672]
- rotation : [0.981079, -0.00459865, -0.193551, 0.172901, -0.429005, 0.8866, -0.0871117, -0.90329, -0.420093]
  translation : [0.222164, -0.0680798, 0.527672]
- rotation : [0.981079, -0.00459865, -0.193551, 0.172901, -0.429005, 0.8866, -0.0871117, -0.90329, -0.420093]
  translation : [0.132164, -0.0880798, 0.537672]
