- rotation : [0.984859, -0.170905, 0.0290729, 0.138342, 0.875857, 0.462316, -0.104476, -0.451294, 0.886238]
  translation : [0.105715, 0.0389997, 0.502819]
- rotation : [0.978098, -0.200748, 0.0549916, 0.154836, 0.878309, 0.452326, -0.139103, -0.433904, 0.890156]
  translation : [0.200715, 0.0539997, 0.487819]
- rotation : [0.978098, -0.200748, 0.0549916, 0.154836, 0.878309, 0.452326, -0.139103, -0.433904, 0.890156]
  translation : [0.210715, 0.0239997, 0.502819]
- rotation : [0.975249, -0.216038, 0.047093, 0.171874, 0.874674, 0.453216, -0.139103, -0.433904, 0.890156]
  translation : [0.115715, 0.00899971, 0.512819]
- rotation : [0.975249, -0.216038, 0.047093, 0.171874, 0.874674, 0.453216, -0.139103, -0.433904, 0.890156]
  translation : [0.125715, -0.0260003, 0.532819]
- rotation : [0.975249, -0.216038, 0.047093, 0.171874, 0.874674, 0.453216, -0.139103, -0.433904, 0.890156]
  translation : [0.215715, -0.00600029, 0.517819]
- rotation : [0.975249, -0.216038, 0.047093, 0.171874, 0.874674, 0.453216, -0.139103, -0.433904, 0.890156]
  translation : [0.225715, -0.0410003, 0.532819]
- rotation : [0.975249, -0.216038, 0.047093, 0.171874, 0.874674, 0.453216, -0.139103, -0.433904, 0.890156]
  translation : [0.135715, -0.0560003, 0.547819]
- rotation : [0.975249, -0.216038, 0.047093, 0.171874, 0.874674, 0.453216, -0.139103, -0.433904, 0.890156]
  translation : [0.145715, -0.0910003, 0.562819]
- rotation : [0.975249, -0.216038, 0.047093, 0.171874, 0.874674, 0.453216, -0.139103, -0.433904, 0.890156]
  translation : [0.235715, -0.0710003, 0.547819]
