- rotation : [-0.187352, -0.0102035, -0.98224, 0.878439, -0.449236, -0.162886, -0.439595, -0.893355, 0.0931282]
  translation : [0.0238601, 0.0654688, 0.50601]
- rotation : [-0.187352, -0.0102035, -0.98224, 0.878439, -0.449236, -0.162886, -0.439595, -0.893355, 0.0931282]
  translation : [-0.0261399, 0.0554688, 0.51101]
- rotation : [-0.185724, -0.00696687, -0.982577, 0.870806, -0.464411, -0.161304, -0.455196, -0.885592, 0.092319]
  translation : [-0.0761399, 0.0454688, 0.51601]
- rotation : [0.0099418, 0.223508, -0.974651, -0.544971, -0.816013, -0.192688, -0.838396, 0.533073, 0.113693]
  translation : [-0.0461399, -0.129531, 0.50601]
- rotation : [0.0099418, 0.223508, -0.974651, -0.544971, -0.816013, -0.192688, -0.838396, 0.533073, 0.113693]
  translation : [0.00386012, -0.119531, 0.49601]
- rotation : [0.0099418, 0.223508, -0.974651, -0.544971, -0.816013, -0.192688, -0.838396, 0.533073, 0.113693]
  translation : [0.0538601, -0.104531, 0.49601]
