- rotation : [0.0231545, 0.228396, 0.973293, 0.4354, -0.878678, 0.195835, 0.899939, 0.419238, -0.119789]
  translation : [0.139161, 0.0374188, 0.484151]
- rotation : [0.0231545, 0.228396, 0.973293, 0.4354, -0.878678, 0.195835, 0.899939, 0.419238, -0.119789]
  translation : [0.204161, 0.0524188, 0.474151]
- rotation : [0.0231545, 0.228396, 0.973293, 0.4354, -0.878678, 0.195835, 0.899939, 0.419238, -0.119789]
  translation : [0.209161, 0.0224188, 0.489151]
- rotation : [0.0231545, 0.228396, 0.973293, 0.4354, -0.878678, 0.195835, 0.899939, 0.419238, -0.119789]
  translation : [0.144161, 0.00741883, 0.499151]
- rotation : [0.0231545, 0.262207, 0.964734, 0.4354, -0.871312, 0.226366, 0.899939, 0.414804, -0.13434]
  translation : [0.154161, -0.0275812, 0.519151]
- rotation : [0.0553712, 0.235711, 0.970245, 0.44824, -0.874179, 0.186792, 0.892196, 0.42456, -0.154059]
  translation : [0.224161, -0.0125812, 0.504151]
- rotation : [0.0553712, 0.235711, 0.970245, 0.44824, -0.874179, 0.186792, 0.892196, 0.42456, -0.154059]
  translation : [0.229161, -0.0425812, 0.519151]
- rotation : [0.0685165, 0.288227, 0.955108, 0.430599, -0.872137, 0.232299, 0.899939, 0.395352, -0.183866]
  translation : [0.164161, -0.0575812, 0.529151]
- rotation : [0.0685165, 0.288227, 0.955108, 0.430599, -0.872137, 0.232299, 0.899939, 0.395352, -0.183866]
  translation : [0.174161, -0.0925812, 0.549151]
- rotation : [0.0685165, 0.271523, 0.95999, 0.430599, -0.876056, 0.21705, 0.899939, 0.398499, -0.176942]
  translation : [0.239161, -0.0725812, 0.534151]