- rotation : [0.189063, 0.980752, 0.0487892, -0.886464, 0.149092, 0.438125, 0.422418, -0.126083, 0.897589]
  translation : [0.0788601, 0.0104688, 0.51601]
- rotation : [0.189063, 0.980752, 0.0487892, -0.886464, 0.149092, 0.438125, 0.422418, -0.126083, 0.897589]
  translation : [0.11386, 0.0204688, 0.51101]
- rotation : [0.189063, 0.980752, 0.0487892, -0.886464, 0.149092, 0.438125, 0.422418, -0.126083, 0.897589]
  translation : [0.14886, 0.0254688, 0.50601]
- rotation : [0.189063, 0.980752, 0.0487892, -0.886464, 0.149092, 0.438125, 0.422418, -0.126083, 0.897589]
  translation : [0.18386, 0.0304688, 0.50101]
- rotation : [0.189063, 0.979752, 0.0658896, -0.886464, 0.141427, 0.440659, 0.422418, -0.141721, 0.895253]
  translation : [0.21386, 0.0354688, 0.49601]
- rotation : [0.189063, 0.979752, 0.0658896, -0.886464, 0.141427, 0.440659, 0.422418, -0.141721, 0.895253]
  translation : [0.23386, -0.0445312, 0.53601]
- rotation : [0.204498, 0.977136, 0.0581929, -0.883031, 0.158495, 0.441741, 0.422418, -0.141721, 0.895253]
  translation : [0.20386, -0.0495312, 0.54101]
- rotation : [0.21987, 0.974222, 0.0504785, -0.87933, 0.175516, 0.442689, 0.422418, -0.141721, 0.895253]
  translation : [0.16886, -0.0545312, 0.54601]
- rotation : [0.21987, 0.974222, 0.0504785, -0.87933, 0.175516, 0.442689, 0.422418, -0.141721, 0.895253]
  translation : [0.13386, -0.0645312, 0.55101]
- rotation : [0.21987, 0.97539, 0.0164651, -0.87933, 0.190851, 0.436297, 0.422418, -0.110407, 0.899652]
  translation : [0.0988601, -0.0745312, 0.55601]
