- rotation : [0.977914, -0.2089, -0.00669682, 0.189988, 0.875117, 0.445056, -0.0871117, -0.436499, 0.895478]
  translation : [0.106307, 0.0326581, 0.502036]
- rotation : [0.977914, -0.2089, -0.00669682, 0.189988, 0.875117, 0.445056, -0.0871117, -0.436499, 0.895478]
  translation : [0.201307, 0.0526581, 0.492036]
- rotation : [0.976274, -0.216369, 0.0086251, 0.18967, 0.873666, 0.448033, -0.104476, -0.435766, 0.893976]
  translation : [0.206307, 0.0176581, 0.507036]
- rotation : [0.976274, -0.216369, 0.0086251, 0.18967, 0.873666, 0.448033, -0.104476, -0.435766, 0.893976]
  translation : [0.111307, 0.00265805, 0.517036]
- rotation : [0.976274, -0.216369, 0.0086251, 0.18967, 0.873666, 0.448033, -0.104476, -0.435766, 0.893976]
  translation : [0.211307, -0.0123419, 0.522036]
- rotation : [0.976274, -0.216369, 0.0086251, 0.18967, 0.873666, 0.448033, -0.104476, -0.435766, 0.893976]
  translation : [0.121307, -0.0273419, 0.532036]
- rotation : [0.976274, -0.216369, 0.0086251, 0.18967, 0.873666, 0.448033, -0.104476, -0.435766, 0.893976]
  translation : [0.126307, -0.0623419, 0.552036]
- rotation : [0.976274, -0.216369, 0.0086251, 0.18967, 0.873666, 0.448033, -0.104476, -0.435766, 0.893976]
  translation : [0.221307, -0.0423419, 0.537036]
- rotation : [0.976274, -0.216369, 0.0086251, 0.18967, 0.873666, 0.448033, -0.104476, -0.435766, 0.893976]
  translation : [0.226307, -0.0723419, 0.552036]
- rotation : [0.976274, -0.216369, 0.0086251, 0.18967, 0.873666, 0.448033, -0.104476, -0.435766, 0.893976]
  translation : [0.136307, -0.0923419, 0.567036]