- rotation : [0.218049, -0.97592, 0.0059048, -0.872047, -0.19755, -0.44778, 0.438164, 0.0924887, -0.894124]
  translation : [-0.00125435, -0.0456209, 0.513374]
- rotation : [0.218049, -0.97592, 0.0059048, -0.872047, -0.19755, -0.44778, 0.438164, 0.0924887, -0.894124]
  translation : [-0.0412543, -0.0556209, 0.518374]
- rotation : [0.218049, -0.97592, 0.0059048, -0.872047, -0.19755, -0.44778, 0.438164, 0.0924887, -0.894124]
  translation : [-0.0812543, -0.0656209, 0.523374]
- rotation : [0.218049, -0.97592, 0.0059048, -0.872047, -0.19755, -0.44778, 0.438164, 0.0924887, -0.894124]
  translation : [-0.126254, -0.0706209, 0.528374]
- rotation : [0.218049, -0.97592, 0.0059048, -0.872047, -0.19755, -0.44778, 0.438164, 0.0924887, -0.894124]
  translation : [-0.171254, -0.0806209, 0.533374]
- rotation : [0.218049, -0.97592, 0.0059048, -0.872047, -0.19755, -0.44778, 0.438164, 0.0924887, -0.894124]
  translation : [0.0437457, -0.0206209, 0.543374]
