- rotation : [-0.184553, -0.0287753, -0.982401, 0.879031, -0.45192, -0.151897, -0.439595, -0.891594, 0.108697]
  translation : [0.0463068, -0.0373419, 0.507036]
- rotation : [-0.184553, -0.0287753, -0.982401, 0.879031, -0.45192, -0.151897, -0.439595, -0.891594, 0.108697]
  translation : [-0.00369323, -0.0423419, 0.512036]
- rotation : [-0.184553, -0.0287753, -0.982401, 0.879031, -0.45192, -0.151897, -0.439595, -0.891594, 0.108697]
  translation : [-0.0536932, -0.0573419, 0.522036]
- rotation : [-0.182949, -0.0255934, -0.982789, 0.871393, -0.467075, -0.150049, -0.455196, -0.883847, 0.107753]
  translation : [-0.0986932, -0.0573419, 0.567036]
- rotation : [-0.182949, -0.0255934, -0.982789, 0.871393, -0.467075, -0.150049, -0.455196, -0.883847, 0.107753]
  translation : [-0.153693, -0.0573419, 0.567036]
