- rotation : [0.204498, -0.0232939, 0.97859, -0.883031, -0.435805, 0.174155, 0.422418, -0.89974, -0.10969]
  translation : [0.0442008, -0.0379781, 0.507804]
- rotation : [0.202804, -0.0197674, 0.97902, -0.875718, -0.451033, 0.172298, 0.438164, -0.892288, -0.108782]
  translation : [-0.00579924, -0.0479781, 0.517804]
- rotation : [0.202804, -0.0197674, 0.97902, -0.875718, -0.451033, 0.172298, 0.438164, -0.892288, -0.108782]
  translation : [-0.0507992, -0.0579781, 0.522804]
- rotation : [0.202804, -0.0197674, 0.97902, -0.875718, -0.451033, 0.172298, 0.438164, -0.892288, -0.108782]
  translation : [-0.105799, -0.0479781, 0.567804]
- rotation : [0.202804, -0.0197674, 0.97902, -0.875718, -0.451033, 0.172298, 0.438164, -0.892288, -0.108782]
  translation : [-0.155799, -0.0579781, 0.572804]
- rotation : [-0.970556, -0.0151379, 0.240399, -0.207806, -0.452068, -0.867439, 0.121808, -0.891855, 0.435612]
  translation : [-0.105799, 0.0620219, 0.462804]
