- rotation : [-0.23378, 0.0596189, 0.97046, 0.875734, 0.446551, 0.183528, -0.422418, 0.89277, -0.156605]
  translation : [0.0471636, -0.0380798, 0.507672]
- rotation : [-0.23378, 0.0596189, 0.97046, 0.875734, 0.446551, 0.183528, -0.422418, 0.89277, -0.156605]
  translation : [-0.00283644, -0.0480798, 0.517672]
- rotation : [-0.218469, -0.000639299, 0.975844, 0.879679, 0.432745, 0.197223, -0.422418, 0.901516, -0.093979]
  translation : [-0.0528364, -0.0530798, 0.517672]
- rotation : [-0.231844, 0.0217088, 0.972511, 0.868482, 0.454945, 0.196889, -0.438164, 0.890255, -0.12433]
  translation : [-0.102836, -0.0480798, 0.562672]
- rotation : [-0.231844, 0.0217088, 0.972511, 0.868482, 0.454945, 0.196889, -0.438164, 0.890255, -0.12433]
  translation : [-0.152836, -0.0580798, 0.567672]
- rotation : [0.97347, 0.00205368, 0.228806, 0.203571, 0.448803, -0.870135, -0.104476, 0.893628, 0.436478]
  translation : [-0.0978364, 0.0669202, 0.457672]