- rotation : [0.966139, -0.051047, -0.252922, 0.205252, -0.441952, 0.873241, -0.156356, -0.895585, -0.416509]
  translation : [0.246505, -0.0449617, 0.550513]
- rotation : [0.966139, -0.0421935, -0.254549, 0.205252, -0.472143, 0.857294, -0.156356, -0.880512, -0.447495]
  translation : [0.231505, 0.0100383, 0.525513]
- rotation : [0.96866, -0.0271488, -0.246903, 0.205788, -0.468947, 0.858918, -0.139103, -0.882809, -0.448663]
  translation : [0.141505, -0.00496171, 0.535513]
- rotation : [0.96866, -0.0271488, -0.246903, 0.205788, -0.468947, 0.858918, -0.139103, -0.882809, -0.448663]
  translation : [0.156505, -0.0649617, 0.565513]
- rotation : [0.972102, 0.0309043, 0.232513, 0.188859, 0.484747, -0.854021, -0.139103, 0.874108, 0.465387]
  translation : [0.0665049, -0.0799617, 0.575513]
- rotation : [0.972102, 0.038996, 0.231294, 0.188859, 0.454662, -0.870411, -0.139103, 0.88981, 0.434613]
  translation : [0.0515049, -0.0249617, 0.550513]
- rotation : [0.972102, 0.0309043, 0.232513, 0.188859, 0.484747, -0.854021, -0.139103, 0.874108, 0.465387]
  translation : [-0.0384951, -0.0449617, 0.565513]
- rotation : [0.972102, 0.0309043, 0.232513, 0.188859, 0.484747, -0.854021, -0.139103, 0.874108, 0.465387]
  translation : [-0.0234951, -0.0999617, 0.590513]
- rotation : [0.972102, 0.0309043, 0.232513, 0.188859, 0.484747, -0.854021, -0.139103, 0.874108, 0.465387]
  translation : [-0.118495, -0.119962, 0.605513]
- rotation : [0.972102, 0.0309043, 0.232513, 0.188859, 0.484747, -0.854021, -0.139103, 0.874108, 0.465387]
  translation : [-0.133495, -0.0599617, 0.575513]
