- rotation : [-0.000373118, -0.974554, -0.224153, -0.468549, -0.197855, 0.860996, -0.883437, 0.105348, -0.456553]
  translation : [0.0837012, -0.00744598, 0.511408]
- rotation : [-0.00036079, -0.974555, -0.224147, -0.453068, -0.199663, 0.868829, -0.891476, 0.101867, -0.441467]
  translation : [0.118701, 0.00255402, 0.506408]
- rotation : [-0.00036079, -0.974555, -0.224147, -0.453068, -0.199663, 0.868829, -0.891476, 0.101867, -0.441467]
  translation : [0.153701, 0.00755402, 0.501408]
- rotation : [-0.0144785, -0.981107, -0.192923, -0.405557, -0.170598, 0.898009, -0.913955, 0.091243, -0.395424]
  translation : [0.188701, 0.012554, 0.496408]
- rotation : [-0.0144785, -0.981107, -0.192923, -0.405557, -0.170598, 0.898009, -0.913955, 0.091243, -0.395424]
  translation : [0.218701, 0.022554, 0.491408]
- rotation : [0.202804, 0.977691, 0.0546839, -0.875718, 0.156097, 0.456893, 0.438164, -0.140547, 0.887839]
  translation : [0.238701, -0.042446, 0.536408]
- rotation : [0.202804, 0.977691, 0.0546839, -0.875718, 0.156097, 0.456893, 0.438164, -0.140547, 0.887839]
  translation : [0.203701, -0.052446, 0.541408]
- rotation : [0.202804, 0.977691, 0.0546839, -0.875718, 0.156097, 0.456893, 0.438164, -0.140547, 0.887839]
  translation : [0.168701, -0.057446, 0.546408]
- rotation : [0.202804, 0.977691, 0.0546839, -0.875718, 0.156097, 0.456893, 0.438164, -0.140547, 0.887839]
  translation : [0.133701, -0.062446, 0.551408]
- rotation : [0.202804, 0.977691, 0.0546839, -0.875718, 0.156097, 0.456893, 0.438164, -0.140547, 0.887839]
  translation : [0.0987012, -0.067446, 0.556408]
