- rotation : [-0.202961, -0.979184, 0.00222839, 0.876397, -0.18064, 0.446427, -0.436732, 0.0925604, 0.894817]
  translation : [0.00071475, -0.0460003, 0.512819]
- rotation : [-0.202961, -0.979184, 0.00222839, 0.876397, -0.18064, 0.446427, -0.436732, 0.0925604, 0.894817]
  translation : [-0.0392853, -0.0560003, 0.517819]
- rotation : [0.218049, 0.975856, 0.0126738, -0.872047, 0.18899, 0.45146, 0.438164, -0.109492, 0.892201]
  translation : [-0.0792852, -0.0610003, 0.522819]
- rotation : [0.216162, 0.976013, 0.0259437, -0.8645, 0.178979, 0.469687, 0.453778, -0.123957, 0.882451]
  translation : [-0.124285, -0.0710003, 0.532819]
- rotation : [0.216162, 0.976013, 0.0259437, -0.8645, 0.178979, 0.469687, 0.453778, -0.123957, 0.882451]
  translation : [-0.164285, -0.0760003, 0.537819]
- rotation : [0.221624, 0.974419, 0.0372903, -0.886344, 0.185354, 0.424309, 0.406543, -0.127089, 0.904749]
  translation : [0.0507147, -0.0210003, 0.542819]
