- rotation : [0.202804, 0.979213, 0.00346654, -0.875718, 0.179783, 0.448102, 0.438164, -0.0939126, 0.893976]
  translation : [-0.0362988, -0.057446, 0.511408]
- rotation : [0.202804, 0.979213, 0.00346654, -0.875718, 0.179783, 0.448102, 0.438164, -0.0939126, 0.893976]
  translation : [-0.0812988, -0.067446, 0.516408]
- rotation : [0.202804, 0.977691, 0.0546839, -0.875718, 0.156097, 0.456893, 0.438164, -0.140547, 0.887839]
  translation : [-0.121299, -0.072446, 0.521408]
- rotation : [0.202804, 0.977691, 0.0546839, -0.875718, 0.156097, 0.456893, 0.438164, -0.140547, 0.887839]
  translation : [-0.166299, -0.077446, 0.526408]
- rotation : [0.187498, 0.980265, 0.0626454, -0.879123, 0.139019, 0.45587, 0.438164, -0.140547, 0.887839]
  translation : [0.0037012, -0.027446, 0.551408]
- rotation : [0.187498, 0.980265, 0.0626454, -0.879123, 0.139019, 0.45587, 0.438164, -0.140547, 0.887839]
  translation : [0.0437012, -0.017446, 0.541408]
