- rotation : [0.949143, -0.311104, 0.0483886, 0.236523, 0.806001, 0.542605, -0.207808, -0.503565, 0.838593]
  translation : [-0.0039036, -0.120183, 0.583866]
- rotation : [0.974336, -0.225056, 0.0043304, 0.189293, 0.829614, 0.52527, -0.121808, -0.51097, 0.850925]
  translation : [0.0860964, -0.100183, 0.573866]
- rotation : [0.970886, -0.239494, -0.00483283, 0.20626, 0.825562, 0.525265, -0.121808, -0.51097, 0.850925]
  translation : [0.0660964, -0.0701826, 0.558866]
- rotation : [0.970886, -0.239494, -0.00483283, 0.20626, 0.825562, 0.525265, -0.121808, -0.51097, 0.850925]
  translation : [0.0560964, -0.0351826, 0.543866]
- rotation : [0.970886, -0.239494, -0.00483283, 0.20626, 0.825562, 0.525265, -0.121808, -0.51097, 0.850925]
  translation : [0.151096, -0.0151826, 0.528866]
- rotation : [0.970886, -0.239004, 0.0160482, 0.20626, 0.868181, 0.451352, -0.121808, -0.434902, 0.892201]
  translation : [0.156096, -0.0501826, 0.543866]
- rotation : [0.970886, -0.239004, 0.0160482, 0.20626, 0.868181, 0.451352, -0.121808, -0.434902, 0.892201]
  translation : [0.171096, -0.0801826, 0.558866]
- rotation : [0.9631, -0.269142, 0.000294465, 0.240001, 0.859315, 0.451638, -0.121808, -0.434902, 0.892201]
  translation : [0.266096, -0.0601826, 0.543866]
- rotation : [0.958391, -0.283831, 0.0304279, 0.238828, 0.855655, 0.459147, -0.156356, -0.432775, 0.887839]
  translation : [0.251096, -0.0251826, 0.528866]
- rotation : [0.958391, -0.283831, 0.0304279, 0.238828, 0.855655, 0.459147, -0.156356, -0.432775, 0.887839]
  translation : [0.241096, 0.0048174, 0.513866]
