- rotation : [0.96714, -0.0216556, -0.253319, 0.223165, -0.405051, 0.886641, -0.121808, -0.914038, -0.386908]
  translation : [0.103746, 0.0293791, 0.483374]
- rotation : [0.96714, -0.0216556, -0.253319, 0.223165, -0.405051, 0.886641, -0.121808, -0.914038, -0.386908]
  translation : [0.123746, -0.0306209, 0.513374]
- rotation : [0.96714, -0.00837494, -0.254105, 0.223165, -0.450876, 0.864239, -0.121808, -0.892547, -0.434191]
  translation : [0.138746, -0.0856209, 0.538374]
- rotation : [0.969572, -0.054594, -0.23864, 0.188368, -0.456234, 0.869694, -0.156356, -0.888184, -0.432068]
  translation : [0.238746, -0.0506209, 0.558374]
- rotation : [0.969572, -0.054594, -0.23864, 0.188368, -0.456234, 0.869694, -0.156356, -0.888184, -0.432068]
  translation : [0.218746, 0.00437906, 0.533374]
- rotation : [0.969572, -0.054594, -0.23864, 0.188368, -0.456234, 0.869694, -0.156356, -0.888184, -0.432068]
  translation : [0.198746, 0.0643791, 0.503374]
- rotation : [0.966747, -0.0740627, -0.244774, 0.187819, -0.443969, 0.876137, -0.173561, -0.892976, -0.415296]
  translation : [0.183746, 0.124379, 0.478374]