- rotation : [-0.162367, -0.05828, 0.985008, -0.92562, -0.33685, -0.172509, 0.341854, -0.939753, 0.000748351]
  translation : [-0.209069, -0.145802, 0.506047]
- rotation : [-0.162367, -0.05828, 0.985008, -0.92562, -0.33685, -0.172509, 0.341854, -0.939753, 0.000748351]
  translation : [-0.204069, -0.135802, 0.536047]
- rotation : [-0.162367, -0.05828, 0.985008, -0.92562, -0.33685, -0.172509, 0.341854, -0.939753, 0.000748351]
  translation : [-0.204069, -0.115802, 0.566047]
- rotation : [-0.146197, 0.0510995, 0.987935, -0.928312, -0.352192, -0.119157, 0.341854, -0.934532, 0.0989256]
  translation : [-0.0790687, -0.145802, 0.506047]
- rotation : [-0.129981, 0.00537766, 0.991502, -0.930721, -0.345435, -0.12014, 0.341854, -0.938427, 0.0499053]
  translation : [-0.00906868, -0.150802, 0.506047]
- rotation : [-0.0811179, 0.0234398, 0.996429, -0.936246, -0.344681, -0.0681103, 0.341854, -0.938427, 0.0499053]
  translation : [0.115931, -0.155802, 0.581047]
