- rotation : [0.0502124, -0.99003, 0.131599, -0.355408, 0.105427, 0.928746, -0.933361, -0.093406, -0.346571]
  translation : [0.0264465, -0.090368, 0.527266]
- rotation : [0.0502124, -0.99003, 0.131599, -0.355408, 0.105427, 0.928746, -0.933361, -0.093406, -0.346571]
  translation : [-0.00855354, -0.090368, 0.527266]
- rotation : [0.0479271, -0.990253, 0.130773, -0.339233, 0.107004, 0.934597, -0.939481, -0.089155, -0.330798]
  translation : [0.00144646, -0.160368, 0.552266]
- rotation : [0.0479271, -0.990253, 0.130773, -0.339233, 0.107004, 0.934597, -0.939481, -0.089155, -0.330798]
  translation : [-0.0335535, -0.160368, 0.557266]
- rotation : [-0.00704415, -0.994583, 0.10371, -0.423081, 0.0969369, 0.900892, -0.906065, -0.0375317, -0.421472]
  translation : [-0.0735535, -0.155368, 0.557266]
- rotation : [-0.00624549, -0.994552, 0.104056, -0.375112, 0.0987898, 0.9217, -0.926958, -0.0332764, -0.373686]
  translation : [-0.108554, -0.150368, 0.552266]
- rotation : [-0.00624549, -0.994552, 0.104056, -0.375112, 0.0987898, 0.9217, -0.926958, -0.0332764, -0.373686]
  translation : [-0.148554, -0.145368, 0.552266]
- rotation : [-0.00624549, -0.994552, 0.104056, -0.375112, 0.0987898, 0.9217, -0.926958, -0.0332764, -0.373686]
  translation : [-0.188554, -0.140368, 0.552266]
- rotation : [-0.00624549, -0.994552, 0.104056, -0.375112, 0.0987898, 0.9217, -0.926958, -0.0332764, -0.373686]
  translation : [-0.153554, -0.065368, 0.522266]
- rotation : [-0.00624549, -0.994552, 0.104056, -0.375112, 0.0987898, 0.9217, -0.926958, -0.0332764, -0.373686]
  translation : [-0.118554, -0.075368, 0.522266]
