- rotation : [0.974336, 0.224207, -0.0200111, -0.189293, 0.864218, 0.46615, 0.121808, -0.450399, 0.884479]
  translation : [0.187442, -0.0692271, 0.533796]
- rotation : [0.974336, 0.224207, -0.0200111, -0.189293, 0.864218, 0.46615, 0.121808, -0.450399, 0.884479]
  translation : [0.177442, -0.0992271, 0.543796]
- rotation : [0.000738399, -0.998646, -0.0520117, 0.927256, -0.0187908, 0.373955, -0.374426, -0.0485043, 0.925987]
  translation : [0.202442, -0.164227, 0.573796]
- rotation : [0.0330823, -0.997863, -0.0563506, 0.926666, 0.00950202, 0.375765, -0.374426, -0.0646494, 0.925]
  translation : [0.162442, -0.169227, 0.568796]
- rotation : [0.0976101, -0.994772, -0.0300148, 0.922105, 0.0790511, 0.378779, -0.374426, -0.0646494, 0.925]
  translation : [0.0524417, -0.154227, 0.563796]
- rotation : [0.0976101, -0.994772, -0.0300148, 0.922105, 0.0790511, 0.378779, -0.374426, -0.0646494, 0.925]
  translation : [0.0174417, -0.154227, 0.568796]
- rotation : [0.0976101, -0.994772, -0.0300148, 0.922105, 0.0790511, 0.378779, -0.374426, -0.0646494, 0.925]
  translation : [-0.0225583, -0.154227, 0.568796]
- rotation : [0.0976101, -0.994772, -0.0300148, 0.922105, 0.0790511, 0.378779, -0.374426, -0.0646494, 0.925]
  translation : [-0.0575583, -0.139227, 0.563796]
- rotation : [0.161663, -0.98684, -0.00353281, 0.913055, 0.148215, 0.37995, -0.374426, -0.0646494, 0.925]
  translation : [-0.127558, -0.134227, 0.558796]
- rotation : [0.161663, -0.98684, -0.00353281, 0.913055, 0.148215, 0.37995, -0.374426, -0.0646494, 0.925]
  translation : [-0.162558, -0.134227, 0.558796]
