- rotation : [-0.0191402, -0.995913, -0.0882668, 0.359915, 0.0755013, -0.929925, 0.932789, -0.0495675, 0.356999]
  translation : [0.108104, 0.0669622, 0.46018]
- rotation : [-0.0191402, -0.995913, -0.0882668, 0.359915, 0.0755013, -0.929925, 0.932789, -0.0495675, 0.356999]
  translation : [0.0731036, 0.0719622, 0.46018]
- rotation : [-0.0191402, -0.995913, -0.0882668, 0.359915, 0.0755013, -0.929925, 0.932789, -0.0495675, 0.356999]
  translation : [0.0631036, 0.00696224, 0.48518]
- rotation : [-0.0191402, -0.995913, -0.0882668, 0.359915, 0.0755013, -0.929925, 0.932789, -0.0495675, 0.356999]
  translation : [0.0981036, 0.00196224, 0.48518]
- rotation : [-0.0191402, -0.995913, -0.0882668, 0.359915, 0.0755013, -0.929925, 0.932789, -0.0495675, 0.356999]
  translation : [0.178104, -0.188038, 0.56518]
- rotation : [-0.0191402, -0.995913, -0.0882668, 0.359915, 0.0755013, -0.929925, 0.932789, -0.0495675, 0.356999]
  translation : [0.143104, -0.188038, 0.56018]
- rotation : [-0.0191402, -0.995913, -0.0882668, 0.359915, 0.0755013, -0.929925, 0.932789, -0.0495675, 0.356999]
  translation : [0.148104, -0.118038, 0.53518]
- rotation : [-0.0191402, -0.995913, -0.0882668, 0.359915, 0.0755013, -0.929925, 0.932789, -0.0495675, 0.356999]
  translation : [0.183104, -0.123038, 0.54018]
- rotation : [0.112918, -0.989205, -0.0934008, 0.926218, 0.0707657, 0.370288, -0.359681, -0.128322, 0.924209]
  translation : [0.0981036, -0.158038, 0.56518]
- rotation : [0.112918, -0.992736, -0.0415282, 0.926218, 0.0900384, 0.366079, -0.359681, -0.0798012, 0.929657]
  translation : [0.0631036, -0.153038, 0.56518]
