- rotation : [-0.0364459, 0.199316, 0.979257, 0.515563, -0.835684, 0.189282, 0.856076, 0.511767, -0.0723029]
  translation : [-0.10455, -0.0759745, 0.549886]
- rotation : [-0.0364459, 0.199316, 0.979257, 0.515563, -0.835684, 0.189282, 0.856076, 0.511767, -0.0723029]
  translation : [-0.0345499, -0.0659745, 0.544886]
- rotation : [-0.0364459, 0.199316, 0.979257, 0.515563, -0.835684, 0.189282, 0.856076, 0.511767, -0.0723029]
  translation : [-0.0295499, -0.0959745, 0.559886]
- rotation : [-0.0364459, 0.199316, 0.979257, 0.515563, -0.835684, 0.189282, 0.856076, 0.511767, -0.0723029]
  translation : [-0.0895499, -0.110974, 0.569886]
- rotation : [-0.0364459, 0.199316, 0.979257, 0.515563, -0.835684, 0.189282, 0.856076, 0.511767, -0.0723029]
  translation : [-0.0795499, -0.140974, 0.584886]
- rotation : [-0.0364459, 0.199316, 0.979257, 0.515563, -0.835684, 0.189282, 0.856076, 0.511767, -0.0723029]
  translation : [-0.0145499, -0.125974, 0.574886]
- rotation : [-0.0091534, 0.240947, 0.970495, 0.501754, -0.838405, 0.212885, 0.864962, 0.488899, -0.113222]
  translation : [0.0504501, -0.110974, 0.564886]
- rotation : [-0.0091534, 0.240947, 0.970495, 0.501754, -0.838405, 0.212885, 0.864962, 0.488899, -0.113222]
  translation : [0.0404501, -0.0809745, 0.549886]
- rotation : [-0.0091534, 0.240947, 0.970495, 0.501754, -0.838405, 0.212885, 0.864962, 0.488899, -0.113222]
  translation : [0.10545, -0.0659745, 0.539886]
- rotation : [-0.0091534, 0.240947, 0.970495, 0.501754, -0.838405, 0.212885, 0.864962, 0.488899, -0.113222]
  translation : [0.11545, -0.0959745, 0.554886]
