- rotation : [0.992403, 0.11772, 0.0357607, -0.121789, 0.898754, 0.421198, 0.0174436, -0.422354, 0.906263]
  translation : [-0.0307993, 0.0640124, 0.4892]
- rotation : [0.992403, 0.11772, 0.0357607, -0.121789, 0.898754, 0.421198, 0.0174436, -0.422354, 0.906263]
  translation : [-0.0357993, 0.0240124, 0.5092]
- rotation : [0.990127, -0.0288224, 0.137176, -0.139082, -0.323795, 0.935849, 0.0174436, -0.945688, -0.324607]
  translation : [-0.0207993, 0.0890124, 0.4292]
- rotation : [0.994376, -0.0175103, 0.104449, -0.10446, -0.324603, 0.940064, 0.0174436, -0.945688, -0.324607]
  translation : [-0.0357993, -0.0309876, 0.4792]
- rotation : [0.994376, -0.0175103, 0.104449, -0.10446, -0.324603, 0.940064, 0.0174436, -0.945688, -0.324607]
  translation : [-0.0407993, -0.0759876, 0.5092]
- rotation : [0.130609, -0.988897, -0.0708749, 0.924466, 0.095648, 0.369071, -0.358194, -0.113726, 0.926695]
  translation : [-0.170799, 0.0190124, 0.4592]
