- rotation : [0.993922, 0.00703851, -0.109859, -0.104412, 0.376489, -0.920518, 0.0348818, 0.926394, 0.374936]
  translation : [0.0997803, -0.0276935, 0.493051]
- rotation : [0.0969077, 0.0576608, 0.993622, 0.91547, 0.386568, -0.111718, -0.390544, 0.920457, -0.0153253]
  translation : [0.16978, 0.0423065, 0.458051]
- rotation : [0.0976101, 0.993694, -0.055173, 0.922105, -0.111156, -0.37063, -0.374426, -0.0146981, -0.92714]
  translation : [0.11478, 0.0573065, 0.478051]
- rotation : [0.0976101, 0.993694, -0.055173, 0.922105, -0.111156, -0.37063, -0.374426, -0.0146981, -0.92714]
  translation : [0.0797803, 0.0623065, 0.478051]
- rotation : [0.098299, -0.0237444, -0.994874, 0.914694, -0.391649, 0.0997243, -0.392009, -0.919808, -0.0167799]
  translation : [0.0747803, -0.167694, 0.548051]
- rotation : [0.098299, -0.0237444, -0.994874, 0.914694, -0.391649, 0.0997243, -0.392009, -0.919808, -0.0167799]
  translation : [0.14478, -0.172694, 0.548051]
- rotation : [0.098299, -0.0237444, -0.994874, 0.914694, -0.391649, 0.0997243, -0.392009, -0.919808, -0.0167799]
  translation : [0.14478, -0.162694, 0.573051]
- rotation : [0.098299, -0.0237444, -0.994874, 0.914694, -0.391649, 0.0997243, -0.392009, -0.919808, -0.0167799]
  translation : [0.0797803, -0.152694, 0.578051]
