- rotation : [0.992403, 0.120388, 0.0253699, -0.121789, 0.932029, 0.341305, 0.0174436, -0.341802, 0.93961]
  translation : [-0.0725583, -0.0842271, 0.498796]
- rotation : [0.989675, 0.142531, 0.0150913, -0.139018, 0.928958, 0.34309, 0.0348818, -0.341646, 0.939181]
  translation : [-0.0625583, -0.0442271, 0.478796]
- rotation : [0.990127, 0.136628, 0.0313196, -0.139082, 0.929787, 0.340811, 0.0174436, -0.341802, 0.93961]
  translation : [-0.0325583, 0.0907729, 0.423796]
- rotation : [0.990127, 0.0314284, -0.136603, -0.139082, 0.341551, -0.929516, 0.0174436, 0.939338, 0.34255]
  translation : [-0.0625583, 0.00577291, 0.473796]
- rotation : [0.178789, 0.0678109, 0.981548, 0.916369, 0.351718, -0.191215, -0.358194, 0.933647, 0.000743488]
  translation : [-0.207558, 0.0257729, 0.468796]
- rotation : [0.982427, 0.00146617, -0.186644, -0.173139, 0.380688, -0.90835, 0.0697212, 0.924703, 0.374251]
  translation : [-0.0575583, 0.0257729, 0.508796]
