- rotation : [0.133052, -0.00943577, 0.991064, 0.941753, 0.312826, -0.123453, -0.308866, 0.949764, 0.0505082]
  translation : [0.115267, -0.175792, 0.549228]
- rotation : [0.133052, -0.00943577, 0.991064, 0.941753, 0.312826, -0.123453, -0.308866, 0.949764, 0.0505082]
  translation : [0.115267, -0.160792, 0.579228]
- rotation : [0.133052, -0.00943577, 0.991064, 0.941753, 0.312826, -0.123453, -0.308866, 0.949764, 0.0505082]
  translation : [0.0452669, -0.150792, 0.579228]
- rotation : [0.133052, -0.00943577, 0.991064, 0.941753, 0.312826, -0.123453, -0.308866, 0.949764, 0.0505082]
  translation : [-0.0197331, -0.140792, 0.574228]
- rotation : [0.133052, -0.00943577, 0.991064, 0.941753, 0.312826, -0.123453, -0.308866, 0.949764, 0.0505082]
  translation : [-0.0297331, -0.150792, 0.544228]
- rotation : [0.133052, -0.00943577, 0.991064, 0.941753, 0.312826, -0.123453, -0.308866, 0.949764, 0.0505082]
  translation : [-0.0347331, -0.165792, 0.514228]
- rotation : [0.182132, 0.983255, -0.0061579, 0.933504, -0.174877, -0.31303, -0.308866, 0.0512645, -0.949723]
  translation : [-0.104733, -0.160792, 0.499228]
- rotation : [0.182132, 0.983255, -0.0061579, 0.933504, -0.174877, -0.31303, -0.308866, 0.0512645, -0.949723]
  translation : [-0.139733, -0.155792, 0.494228]
- rotation : [0.182132, 0.983255, -0.0061579, 0.933504, -0.174877, -0.31303, -0.308866, 0.0512645, -0.949723]
  translation : [-0.144733, -0.130792, 0.554228]
- rotation : [0.114463, 0.993381, 0.00964308, 0.926604, -0.103259, -0.361584, -0.358194, 0.0503234, -0.93229]
  translation : [-0.104733, -0.135792, 0.559228]
