- rotation : [0.992403, 0.120812, 0.0232661, -0.121789, 0.937841, 0.324995, 0.0174436, -0.32536, 0.945429]
  translation : [-0.0347331, 0.00920757, 0.459228]
- rotation : [0.992403, 0.120812, 0.0232661, -0.121789, 0.937841, 0.324995, 0.0174436, -0.32536, 0.945429]
  translation : [-0.0447331, -0.0207924, 0.524228]
- rotation : [0.992403, 0.120812, 0.0232661, -0.121789, 0.937841, 0.324995, 0.0174436, -0.32536, 0.945429]
  translation : [-0.0447331, 0.0642076, 0.489228]
- rotation : [0.992403, 0.120812, 0.0232661, -0.121789, 0.937841, 0.324995, 0.0174436, -0.32536, 0.945429]
  translation : [-0.0347331, 0.0892076, 0.424228]
- rotation : [0.194746, -0.976552, 0.0917631, 0.91311, 0.214666, 0.346624, -0.358194, 0.0162861, 0.933505]
  translation : [-0.194733, 0.0242076, 0.454228]
