- rotation : [-0.145247, -0.00318729, 0.98939, -0.92228, -0.361596, -0.13656, 0.358194, -0.93233, 0.049581]
  translation : [0.0192524, 0.0680454, 0.493255]
- rotation : [-0.0643533, 0.028324, 0.997525, -0.931427, -0.360499, -0.0498529, 0.358194, -0.93233, 0.049581]
  translation : [0.0492524, -0.126955, 0.568255]
- rotation : [-0.0643533, 0.028324, 0.997525, -0.931427, -0.360499, -0.0498529, 0.358194, -0.93233, 0.049581]
  translation : [0.119252, -0.136955, 0.573255]
- rotation : [-0.0643533, 0.028324, 0.997525, -0.931427, -0.360499, -0.0498529, 0.358194, -0.93233, 0.049581]
  translation : [0.184252, -0.141955, 0.578255]
- rotation : [0.995139, 0.0400345, 0.0899761, -0.0695515, -0.361121, 0.929922, 0.0697212, -0.931659, -0.356581]
  translation : [0.189252, -0.0619546, 0.543255]
- rotation : [0.996959, 0.00757607, 0.077553, -0.0696787, -0.358852, 0.93079, 0.0348818, -0.933364, -0.357233]
  translation : [0.0942524, -0.0519546, 0.538255]
- rotation : [0.997415, -0.0411733, 0.0588948, -0.0697106, -0.355445, 0.932094, -0.0174436, -0.93379, -0.357396]
  translation : [0.0942524, 0.0130454, 0.513255]
- rotation : [0.990138, 0.0138161, 0.13941, -0.121511, -0.410555, 0.903703, 0.0697212, -0.911731, -0.404827]
  translation : [0.189252, 0.00304544, 0.513255]
- rotation : [0.990138, 0.0138161, 0.13941, -0.121511, -0.410555, 0.903703, 0.0697212, -0.911731, -0.404827]
  translation : [0.194252, 0.0630454, 0.488255]
- rotation : [0.99195, -0.0177884, 0.125377, -0.121734, -0.406676, 0.905425, 0.0348818, -0.913399, -0.405568]
  translation : [0.104252, 0.0780454, 0.483255]
