- rotation : [-0.0968039, 0.99461, 0.0371389, -0.928615, -0.103684, 0.356264, 0.358194, 3.33067e-16, 0.933647]
  translation : [-0.0657476, 0.0130454, 0.508255]
- rotation : [0.99195, 0.125032, 0.0200723, -0.121734, 0.897857, 0.423124, 0.0348818, -0.422161, 0.90585]
  translation : [-0.120748, -0.171955, 0.528255]
- rotation : [0.991195, 0.132339, 0.00439351, -0.121641, 0.89696, 0.425048, 0.0523094, -0.421839, 0.90516]
  translation : [-0.105748, -0.126955, 0.513255]
- rotation : [-0.0961414, -0.0645122, -0.993275, -0.922259, 0.381151, 0.0645122, 0.374426, 0.922259, -0.0961414]
  translation : [-0.190748, 0.0180454, 0.473255]
- rotation : [-0.0961414, 0.0396139, -0.994579, -0.922259, 0.372325, 0.10398, 0.374426, 0.927256, 0.000738399]
  translation : [-0.140748, 0.0130454, 0.473255]
- rotation : [-0.0961414, 0.0396139, -0.994579, -0.922259, 0.372325, 0.10398, 0.374426, 0.927256, 0.000738399]
  translation : [-0.110748, 0.0230454, 0.513255]
