- rotation : [0.0976101, 0.038623, 0.994475, 0.922105, 0.372429, -0.104971, -0.374426, 0.927256, 0.000738399]
  translation : [0.0297803, -0.00269353, 0.473051]
- rotation : [0.11368, 0.0451136, 0.992493, 0.920262, 0.371699, -0.122302, -0.374426, 0.927256, 0.000738399]
  translation : [-0.0252197, 0.00230647, 0.473051]
- rotation : [0.161663, 0.984787, -0.0637111, 0.913055, -0.173758, -0.368969, -0.374426, 0.0014768, -0.927256]
  translation : [-0.17022, 0.0323065, 0.508051]
- rotation : [0.146715, 0.988972, -0.0202297, 0.922047, -0.144135, -0.35924, -0.358194, 0.0340533, -0.933026]
  translation : [-0.21022, 0.0373065, 0.503051]
- rotation : [-0.995452, 0.0952274, -0.00250377, 0.0886442, 0.916371, -0.390394, -0.0348818, -0.38884, -0.920645]
  translation : [-0.0852197, -0.137694, 0.518051]
- rotation : [-0.995452, 0.0952274, -0.00250377, 0.0886442, 0.916371, -0.390394, -0.0348818, -0.38884, -0.920645]
  translation : [-0.0802197, -0.182694, 0.533051]
