- rotation : [0.992107, -0.0293496, -0.121909, -0.104221, 0.347571, -0.931844, 0.0697212, 0.937194, 0.341768]
  translation : [0.198335, 0.0594173, 0.492014]
- rotation : [0.993922, 0.00320214, -0.110038, -0.104412, 0.344151, -0.933091, 0.0348818, 0.938909, 0.342394]
  translation : [0.103335, 0.0744173, 0.487014]
- rotation : [0.993922, 0.00320214, -0.110038, -0.104412, 0.344151, -0.933091, 0.0348818, 0.938909, 0.342394]
  translation : [0.0933353, 0.0094173, 0.512014]
- rotation : [0.993922, 0.0108663, -0.109547, -0.104412, 0.40837, -0.906825, 0.0348818, 0.912752, 0.407022]
  translation : [0.188335, -0.000582695, 0.517014]
- rotation : [0.993922, 0.0108663, -0.109547, -0.104412, 0.40837, -0.906825, 0.0348818, 0.912752, 0.407022]
  translation : [0.178335, -0.0855827, 0.557014]
- rotation : [0.993922, 0.0108663, -0.109547, -0.104412, 0.40837, -0.906825, 0.0348818, 0.912752, 0.407022]
  translation : [0.0833353, -0.0755827, 0.552014]
- rotation : [-0.13385, -0.990726, -0.0233889, -0.947404, 0.134849, -0.290242, 0.290704, -0.0166902, -0.956667]
  translation : [0.0383353, -0.155583, 0.562014]
- rotation : [-0.13385, -0.990726, -0.0233889, -0.947404, 0.134849, -0.290242, 0.290704, -0.0166902, -0.956667]
  translation : [0.0733353, -0.160583, 0.567014]
- rotation : [-0.0499341, -0.998752, -0.000652834, -0.93897, 0.0471679, -0.340751, 0.340357, -0.0164021, -0.940153]
  translation : [0.163335, -0.170583, 0.572014]
- rotation : [-0.0499341, -0.998752, -0.000652834, -0.93897, 0.0471679, -0.340751, 0.340357, -0.0164021, -0.940153]
  translation : [0.198335, -0.170583, 0.572014]
