- rotation : [0.146715, -0.989097, -0.0127044, 0.922047, 0.132096, 0.36384, -0.358194, -0.065095, 0.931375]
  translation : [0.0233353, -0.000582695, 0.512014]
- rotation : [0.146715, -0.989097, -0.0127044, 0.922047, 0.132096, 0.36384, -0.358194, -0.065095, 0.931375]
  translation : [-0.0216647, 0.0094173, 0.507014]
- rotation : [0.146715, -0.989097, -0.0127044, 0.922047, 0.132096, 0.36384, -0.358194, -0.065095, 0.931375]
  translation : [-0.0666647, 0.0144173, 0.507014]
- rotation : [0.146715, -0.989097, -0.0127044, 0.922047, 0.132096, 0.36384, -0.358194, -0.065095, 0.931375]
  translation : [-0.161665, 0.0244173, 0.507014]
- rotation : [0.146715, -0.989097, -0.0127044, 0.922047, 0.132096, 0.36384, -0.358194, -0.065095, 0.931375]
  translation : [-0.201665, 0.0394173, 0.502014]
- rotation : [0.146715, 0.0555011, 0.98762, 0.922047, 0.353869, -0.156861, -0.358194, 0.933647, 0.000743488]
  translation : [-0.111665, 0.0244173, 0.507014]
- rotation : [-0.993755, 0.00551755, 0.111451, 0.105995, 0.35889, 0.927342, -0.0348818, 0.933364, -0.357233]
  translation : [-0.126665, -0.120583, 0.512014]
- rotation : [-0.991, -0.00437482, 0.133792, 0.12322, 0.360747, 0.924488, -0.0523094, 0.932653, -0.356961]
  translation : [-0.131665, -0.170583, 0.532014]
