- rotation : [0.976274, -0.216486, 0.00484955, 0.18967, 0.865718, 0.463204, -0.104476, -0.451294, 0.886238]
  translation : [-0.0995499, 0.0940255, 0.489886]
- rotation : [0.983946, -0.178374, 0.005721, 0.155761, 0.873974, 0.460334, -0.0871117, -0.452053, 0.887727]
  translation : [-0.0895499, 0.0590255, 0.509886]
- rotation : [0.979434, -0.201352, 0.0129287, 0.172611, 0.869362, 0.463049, -0.104476, -0.451294, 0.886238]
  translation : [-0.0495499, -0.0259745, 0.544886]
- rotation : [0.979434, -0.201352, 0.0129287, 0.172611, 0.869362, 0.463049, -0.104476, -0.451294, 0.886238]
  translation : [0.17545, 0.0240255, 0.514886]
- rotation : [0.979434, -0.201352, 0.0129287, 0.172611, 0.869362, 0.463049, -0.104476, -0.451294, 0.886238]
  translation : [0.14045, 0.0590255, 0.499886]
- rotation : [0.979434, -0.201352, 0.0129287, 0.172611, 0.869362, 0.463049, -0.104476, -0.451294, 0.886238]
  translation : [0.13545, 0.0790255, 0.444886]
- rotation : [0.979434, -0.201352, 0.0129287, 0.172611, 0.869362, 0.463049, -0.104476, -0.451294, 0.886238]
  translation : [0.12545, 0.114026, 0.429886]
- rotation : [0.979434, 0.0127684, 0.201362, 0.172611, 0.463741, -0.868993, -0.104476, 0.885879, 0.452]
  translation : [-0.0795499, 0.0190255, 0.524886]
