- rotation : [0.9871, -0.156219, -0.0350683, -0.156261, -0.892276, -0.423587, 0.0348818, 0.423603, -0.905176]
  translation : [-0.0485535, -0.030368, 0.472266]
- rotation : [0.990127, -0.136007, -0.0339148, -0.139082, -0.923131, -0.358448, 0.0174436, 0.359626, -0.932933]
  translation : [-0.0335535, 0.074632, 0.377266]
- rotation : [0.989675, -0.142752, -0.0128301, -0.139018, -0.93428, -0.328322, 0.0348818, 0.326716, -0.944479]
  translation : [-0.0385535, 0.034632, 0.402266]
- rotation : [0.129715, 0.991418, -0.0162294, 0.918139, -0.126276, -0.3756, -0.374426, 0.0338203, -0.92664]
  translation : [-0.183554, 0.029632, 0.507266]
- rotation : [0.130609, 0.991336, -0.0139602, 0.924466, -0.126862, -0.359539, -0.358194, 0.0340533, -0.933026]
  translation : [-0.223554, 0.034632, 0.507266]
