- rotation : [0.99195, 0.126127, 0.0113061, -0.121734, 0.925173, 0.359494, 0.0348818, -0.357976, 0.933079]
  translation : [-0.0440687, -0.0758019, 0.501047]
- rotation : [0.99195, 0.126127, 0.0113061, -0.121734, 0.925173, 0.359494, 0.0348818, -0.357976, 0.933079]
  translation : [-0.0340687, -0.0358019, 0.476047]
- rotation : [0.99195, 0.126445, 0.00689969, -0.121734, 0.93715, 0.327004, 0.0348818, -0.325211, 0.944998]
  translation : [-0.0340687, 0.0241981, 0.506047]
- rotation : [0.99195, 0.126445, 0.00689969, -0.121734, 0.93715, 0.327004, 0.0348818, -0.325211, 0.944998]
  translation : [-0.0190687, 0.0441981, 0.446047]
- rotation : [0.992403, 0.120812, 0.0232661, -0.121789, 0.937841, 0.324995, 0.0174436, -0.32536, 0.945429]
  translation : [-0.0190687, 0.0741981, 0.376047]
