- rotation : [0.100673, -0.994169, -0.0386465, 0.951035, 0.0847502, 0.297236, -0.292228, -0.0666777, 0.954021]
  translation : [0.149201, -0.155988, 0.5642]
- rotation : [0.100673, -0.994169, -0.0386465, 0.951035, 0.0847502, 0.297236, -0.292228, -0.0666777, 0.954021]
  translation : [0.114201, -0.160988, 0.5642]
- rotation : [0.177565, -0.984008, -0.0140713, 0.910097, 0.158754, 0.382781, -0.374426, -0.0807749, 0.923732]
  translation : [-0.0607993, -0.140988, 0.5642]
- rotation : [0.162777, -0.986642, -0.00635583, 0.919348, 0.14933, 0.364006, -0.358194, -0.065095, 0.931375]
  translation : [-0.0257993, -0.145988, 0.5642]
- rotation : [-0.992207, -0.122306, 0.0237836, 0.12337, -0.937647, 0.324958, -0.0174436, 0.32536, 0.945429]
  translation : [0.0492007, -0.120988, 0.5542]
- rotation : [-0.998394, -0.0566343, 0.00106932, 0.0538917, -0.943893, 0.325825, -0.0174436, 0.32536, 0.945429]
  translation : [-0.205799, -0.110988, 0.5542]
- rotation : [-0.99436, -0.0996697, 0.0362568, 0.106059, -0.934453, 0.339926, -1.8284e-15, 0.341854, 0.939753]
  translation : [-0.205799, -0.150988, 0.5692]
- rotation : [-0.993755, 0.00357262, 0.11153, 0.105995, 0.342659, 0.933461, -0.0348818, 0.939453, -0.340898]
  translation : [0.0392007, -0.175988, 0.5542]
- rotation : [-0.0835533, 0.993886, -0.0721766, -0.929901, -0.0517291, 0.364155, 0.358194, 0.0975434, 0.928538]
  translation : [-0.140799, -0.130988, 0.5592]
