- rotation : [0.129715, -0.991391, 0.0178084, 0.918139, 0.126874, 0.375398, -0.374426, -0.0323444, 0.926692]
  translation : [0.0231036, 0.00196224, 0.51518]
- rotation : [0.129715, -0.991391, 0.0178084, 0.918139, 0.126874, 0.375398, -0.374426, -0.0323444, 0.926692]
  translation : [-0.0218964, 0.0119622, 0.51018]
- rotation : [0.0976101, 0.00391043, 0.995217, 0.922105, 0.375864, -0.0919162, -0.374426, 0.926666, 0.0330823]
  translation : [-0.111896, 0.0169622, 0.51518]
- rotation : [0.0976101, 0.00391043, 0.995217, 0.922105, 0.375864, -0.0919162, -0.374426, 0.926666, 0.0330823]
  translation : [-0.161896, 0.0319622, 0.51018]
- rotation : [0.161663, -0.986362, 0.0308921, 0.913055, 0.161379, 0.374549, -0.374426, -0.0323444, 0.926692]
  translation : [-0.216896, 0.0319622, 0.47018]
- rotation : [-0.991755, 0.00731861, 0.127943, 0.123313, 0.326246, 0.937207, -0.0348818, 0.945257, -0.324459]
  translation : [-0.0768964, -0.143038, 0.51518]
- rotation : [-0.992207, 0.120401, -0.0320613, 0.12337, 0.913328, -0.388087, -0.0174436, -0.389018, -0.921065]
  translation : [-0.0818964, -0.178038, 0.53018]
