- rotation : [0.991195, -0.000330817, 0.132411, 0.121641, -0.392776, -0.911554, 0.0523094, 0.919634, -0.389277]
  translation : [0.184283, 0.0588691, 0.470379]
- rotation : [0.960674, 0.0735534, -0.26776, -0.257275, -0.127036, -0.957952, -0.104476, 0.989167, -0.103116]
  translation : [0.149283, 0.0938691, 0.435379]
- rotation : [0.982296, 0.109261, -0.152176, 0.1555, -0.928553, 0.337059, -0.104476, -0.354755, -0.929104]
  translation : [0.104283, 0.0938691, 0.485379]
- rotation : [0.866158, -0.433277, 0.24908, -0.49977, -0.750918, 0.431685, -8.88178e-16, -0.49839, -0.866953]
  translation : [-0.000716868, -0.0011309, 0.520379]
- rotation : [0.787738, 0.406428, 0.462909, -0.615022, 0.561447, 0.553647, -0.0348818, -0.720828, 0.692236]
  translation : [-0.0957169, -0.0361309, 0.520379]
- rotation : [0.856135, 0.475648, 0.201971, -0.514098, 0.744422, 0.426075, 0.0523094, -0.46861, 0.881855]
  translation : [-0.0807169, -0.0711309, 0.555379]
- rotation : [0.926754, -0.367853, 0.0762374, 0.300957, 0.848452, 0.435378, -0.224839, -0.380544, 0.897014]
  translation : [0.164283, -0.0811309, 0.515379]
