- rotation : [0.930343, -0.212643, -0.298739, -0.197647, 0.395423, -0.896982, 0.308866, 0.893545, 0.325851]
  translation : [0.0388642, 0.0691222, 0.418126]
- rotation : [0.674329, 0.0925802, -0.732605, -0.697719, -0.244987, -0.673178, -0.241802, 0.965096, -0.100607]
  translation : [0.0988642, 0.00912216, 0.468126]
- rotation : [0.56078, 0.480189, -0.674496, 0.582084, -0.807989, -0.0912777, -0.588816, -0.341427, -0.732615]
  translation : [-0.00613575, -0.0108778, 0.463126]
- rotation : [0.977022, -0.00267614, -0.213122, 0.173791, -0.568864, 0.80386, -0.123389, -0.822427, -0.555327]
  translation : [0.163864, -0.0858778, 0.528126]
- rotation : [-0.729302, 0.132295, -0.671279, -0.512059, -0.756255, 0.407277, -0.453778, 0.640762, 0.619281]
  translation : [-0.0211358, -0.145878, 0.548126]
- rotation : [-0.805533, 0.466686, -0.365131, -0.52461, -0.275188, 0.80564, 0.275501, 0.840521, 0.466502]
  translation : [-0.0961358, -0.110878, 0.583126]
- rotation : [0.0469159, 0.103214, 0.993552, 0.938581, 0.335844, -0.0792087, -0.341854, 0.936246, -0.0811179]
  translation : [-0.161136, 0.0841222, 0.498126]
- rotation : [0.014056, -0.0477137, 0.998762, 0.933541, 0.358448, 0.00398599, -0.358194, 0.93233, 0.049581]
  translation : [0.128864, 0.0341222, 0.518126]
