- rotation : [0.836674, -0.0275505, 0.547008, 0.482758, 0.50882, -0.712774, -0.258691, 0.860432, 0.439016]
  translation : [0.0289571, 0.0499344, 0.465907]
- rotation : [0.824131, 0.244727, 0.5108, 0.49488, 0.127537, -0.859551, -0.275501, 0.961168, -0.0160031]
  translation : [0.123957, 0.0449344, 0.455907]
- rotation : [0.739325, 0.509229, -0.44055, -0.0776665, -0.585409, -0.807009, -0.668854, 0.630858, -0.393258]
  translation : [0.0339571, 0.0899344, 0.415907]
- rotation : [0.829682, 0.291869, 0.475858, 0.518116, -0.719939, -0.461784, 0.207808, 0.629683, -0.748542]
  translation : [0.228957, -0.0250656, 0.510907]
- rotation : [0.966139, 0.257732, 0.0122406, 0.205252, -0.738933, -0.641756, -0.156356, 0.622537, -0.766812]
  translation : [0.00395705, -0.150066, 0.525907]
- rotation : [0.956512, 0.287696, -0.0481326, 0.220712, -0.821715, -0.525424, -0.190713, 0.491951, -0.849478]
  translation : [0.0989571, -0.105066, 0.545907]
