- rotation : [0.730612, 0.484804, 0.480803, -0.680787, 0.463285, 0.567359, 0.0523094, -0.741844, 0.66853]
  translation : [-0.0795788, 0.0146415, 0.496502]
- rotation : [0.527669, 0.712758, 0.462106, -0.585536, -0.0889149, 0.805755, 0.615396, -0.695752, 0.370428]
  translation : [-0.0095788, 0.0446415, 0.481502]
- rotation : [0.715672, -0.465081, 0.521069, -0.690578, -0.582795, 0.428313, 0.104476, -0.666371, -0.738265]
  translation : [-0.0595788, -0.0453585, 0.536502]
- rotation : [0.616024, 0.786649, 0.0412056, -0.787727, 0.615181, 0.0322239, 9.22179e-15, -0.0523094, 0.998631]
  translation : [0.0854212, -0.00535847, 0.506502]
- rotation : [0.986513, 0.161746, -0.0250882, -0.138574, 0.906902, 0.397902, 0.0871117, -0.389059, 0.917085]
  translation : [0.195421, 0.129642, 0.421502]
- rotation : [0.160499, 0.00151561, -0.987035, -0.906485, 0.395899, -0.146794, 0.390544, 0.918293, 0.0649155]
  translation : [0.215421, 0.109642, 0.481502]
- rotation : [0.97749, 0.0388735, 0.20737, 0.172269, 0.420397, -0.890836, -0.121808, 0.906507, 0.404237]
  translation : [0.145421, -0.0353585, 0.546502]
