- rotation : [-0.165235, 0.101163, 0.981052, 0.941966, -0.27855, 0.187375, 0.292228, 0.955079, -0.0492655]
  translation : [-0.165805, -0.0623285, 0.505033]
- rotation : [-0.571536, 0.0719607, 0.817416, 0.76023, -0.328515, 0.560472, 0.308866, 0.941753, 0.133052]
  translation : [-0.115805, -0.102328, 0.530033]
- rotation : [0.000696582, 0.325021, 0.945707, 0.874744, 0.458078, -0.158077, -0.484585, 0.827361, -0.283991]
  translation : [0.00919539, 0.0276715, 0.480033]
- rotation : [0.401089, -0.781786, 0.477428, 0.899447, 0.434855, -0.0435553, -0.173561, 0.446891, 0.877591]
  translation : [-0.0608046, 0.0526715, 0.490033]
- rotation : [-0.927969, 0.0654886, 0.366858, 0.357713, -0.119454, 0.92616, 0.104476, 0.990677, 0.0874239]
  translation : [0.134195, 0.102672, 0.460033]
- rotation : [-0.986291, 0.060254, 0.153618, 0.140145, 0.797326, 0.587052, -0.0871117, 0.600533, -0.79484]
  translation : [0.144195, 0.0676715, 0.500033]
- rotation : [-0.900319, -0.00689819, -0.435177, -0.361882, 0.567365, 0.739688, 0.241802, 0.823437, -0.513306]
  translation : [0.194195, -0.0773285, 0.515033]
