- rotation : [0.974248, 0.130466, -0.183902, -0.224805, 0.498926, -0.83698, -0.0174436, 0.856768, 0.515407]
  translation : [0.133121, 0.0219081, 0.485744]
- rotation : [0.948791, -0.281999, -0.142379, -0.0663122, 0.262875, -0.962548, 0.308866, 0.922699, 0.230714]
  translation : [0.0481214, -0.0330919, 0.500744]
- rotation : [-0.00882601, -0.973662, -0.227824, 0.483808, 0.195233, -0.85312, 0.87513, -0.117753, 0.469342]
  translation : [0.113121, -0.0480919, 0.490744]
- rotation : [-0.267874, -0.96345, -0.00287443, 0.874156, -0.244299, 0.419726, -0.405087, 0.109921, 0.907646]
  translation : [-0.00687857, -0.0480919, 0.550744]
- rotation : [-0.267874, -0.96345, -0.00287443, 0.874156, -0.244299, 0.419726, -0.405087, 0.109921, 0.907646]
  translation : [-0.0318786, 0.0669081, 0.495744]
- rotation : [-0.343005, -0.938506, -0.0394265, 0.847498, -0.327298, 0.41788, -0.405087, 0.109921, 0.907646]
  translation : [-0.0768786, 0.0869081, 0.480744]
- rotation : [0.952974, 0.0809719, -0.292035, 0.291197, 0.0222443, 0.956405, 0.083938, -0.996468, -0.00238055]
  translation : [-0.0118786, 0.111908, 0.425744]
