- rotation : [-0.0644708, -0.0418462, -0.997042, -0.912002, 0.408045, 0.0418462, 0.405087, 0.912002, -0.0644708]
  translation : [0.064432, 0.0505463, 0.460111]
- rotation : [-0.284408, -0.462126, -0.839972, -0.928111, 0.352287, 0.120433, 0.240256, 0.813839, -0.529097]
  translation : [0.144432, 0.0655463, 0.440111]
- rotation : [-0.918254, -0.395805, -0.0121825, -0.245915, 0.545861, 0.800976, -0.31038, 0.738495, -0.598573]
  translation : [0.099432, -0.0294537, 0.490111]
- rotation : [-0.878851, -0.474965, -0.0450579, -0.219006, 0.31772, 0.922545, -0.423861, 0.820647, -0.383249]
  translation : [0.184432, 0.00554626, 0.510111]
- rotation : [0.869957, -0.344639, -0.352702, 0.481933, 0.74573, 0.46003, 0.104476, -0.570185, 0.814846]
  translation : [0.079432, -0.0644537, 0.535111]
- rotation : [0.817336, -0.0836549, -0.570056, 0.571928, 0.237527, 0.785162, 0.0697212, -0.967772, 0.241984]
  translation : [-0.00556798, -0.109454, 0.500111]
- rotation : [0.25798, -0.129074, -0.95749, 0.446287, 0.89489, -0.000390929, 0.856898, -0.427214, 0.288468]
  translation : [-0.105568, -0.129454, 0.540111]
- rotation : [0.110625, -0.987953, -0.108217, 0.518689, 0.150271, -0.841653, 0.847776, 0.0369769, 0.529064]
  translation : [-0.160568, -0.109454, 0.575111]
