- rotation : [0.88293, 0.411033, 0.226909, -0.0154038, 0.508393, -0.860987, -0.469253, 0.756696, 0.455207]
  translation : [-0.0516081, -0.0270515, 0.507258]
- rotation : [0.636917, -0.744606, 0.199746, 0.44568, 0.144218, -0.883499, 0.629052, 0.651738, 0.423711]
  translation : [-0.0966081, 0.0629485, 0.477258]
- rotation : [-0.13863, -0.990165, -0.0188246, 0.880266, -0.131908, 0.455777, -0.453778, 0.0466137, 0.889895]
  translation : [-0.0366081, 0.0679485, 0.492258]
- rotation : [-0.861181, -0.0529207, 0.505536, -0.455867, -0.359521, -0.814205, 0.224839, -0.931635, 0.285488]
  translation : [0.123392, 0.0879485, 0.442258]
- rotation : [0.774397, 0.631893, 0.0319331, 0.560374, -0.661567, -0.498306, -0.293751, 0.403782, -0.866413]
  translation : [0.00339185, -0.0770515, 0.562258]
