- rotation : [-0.0160031, -0.678855, -0.734098, 0.961168, -0.212741, 0.175779, -0.275501, -0.702778, 0.655898]
  translation : [-0.12836, 0.0829001, 0.456199]
- rotation : [-0.0639128, -0.712279, -0.69898, 0.925052, -0.305074, 0.226295, -0.374426, -0.63213, 0.678393]
  translation : [-0.0633602, 0.0379001, 0.471199]
- rotation : [-0.10784, -0.988419, -0.106765, 0.884566, -0.144414, 0.443495, -0.453778, -0.0466137, 0.889895]
  translation : [0.0116398, 0.0579001, 0.496199]
- rotation : [0.0843439, -0.138647, -0.986744, 0.395465, 0.9136, -0.0945664, 0.9146, -0.382246, 0.131887]
  translation : [0.0766398, 0.0379001, 0.486199]
- rotation : [-0.467932, 0.171194, -0.867025, 0.75065, -0.440798, -0.49216, -0.466438, -0.88113, 0.0777567]
  translation : [0.00663978, -0.0620999, 0.526199]
- rotation : [0.970633, -0.236985, 0.0413567, 0.204592, 0.903626, 0.376302, -0.126549, -0.356789, 0.925574]
  translation : [-0.0983602, -0.1121, 0.586199]
- rotation : [-0.00040723, 0.27714, -0.96083, -0.511385, -0.825748, -0.23796, -0.859352, 0.491257, 0.142061]
  translation : [0.17164, -0.1121, 0.516199]
