- rotation : [0.361222, -0.35052, -0.864092, -0.853356, 0.249294, -0.45786, 0.375902, 0.902767, -0.209068]
  translation : [-0.0768786, -0.0330919, 0.495744]
- rotation : [0.91886, -0.12542, 0.374121, 0.388087, 0.115904, -0.914306, 0.0713099, 0.98531, 0.155173]
  translation : [0.133121, 0.101908, 0.450744]
- rotation : [0.871243, -0.0644264, -0.486606, -0.464752, 0.210687, -0.86001, 0.157929, 0.975428, 0.153617]
  translation : [0.143121, 0.0619081, 0.500744]
- rotation : [0.20294, -0.978208, 0.043862, -0.882699, -0.202148, -0.424239, 0.423861, 0.0473781, -0.904487]
  translation : [0.0231214, 0.0269081, 0.520744]
- rotation : [0.296406, -0.951466, 0.0828015, -0.863529, -0.304026, -0.402351, 0.407997, 0.0477576, -0.911733]
  translation : [-0.166879, -0.0480919, 0.515744]
- rotation : [0.978561, 0.199583, -0.0508374, 0.153312, -0.870716, -0.467278, -0.137526, 0.449466, -0.882648]
  translation : [0.108121, -0.123092, 0.505744]
- rotation : [0.972618, 0.229834, -0.034507, 0.187353, -0.863225, -0.468767, -0.137526, 0.449466, -0.882648]
  translation : [0.128121, -0.0930919, 0.540744]
- rotation : [0.962562, 0.196875, 0.186318, 0.256139, -0.885555, -0.387538, 0.0886982, 0.420753, -0.902829]
  translation : [0.138121, 0.166908, 0.430744]
