- rotation : [-0.663712, 0.0275708, 0.74748, 0.665299, 0.47848, 0.573092, -0.341854, 0.877665, -0.335916]
  translation : [-0.082037, 0.0869076, 0.454429]
- rotation : [-0.724727, 0.0408619, 0.687824, 0.631562, 0.438525, 0.639394, -0.275501, 0.897789, -0.343618]
  translation : [-0.007037, 0.0219076, 0.484428]
- rotation : [-0.955602, 0.281767, 0.0862066, 0.275516, 0.958156, -0.0776397, -0.104476, -0.0504413, -0.993247]
  translation : [0.062963, 0.126908, 0.464429]
- rotation : [-0.972381, -0.226446, -0.0565486, -0.222743, 0.972709, -0.0649862, 0.0697212, -0.0505955, -0.996283]
  translation : [0.092963, 0.136908, 0.394429]
- rotation : [-0.646382, 0.22119, 0.73025, 0.174209, 0.974563, -0.14099, -0.742861, 0.0360831, -0.668473]
  translation : [0.072963, -0.0330924, 0.529428]
- rotation : [0.230672, -0.338207, 0.912363, 0.853177, -0.380533, -0.356769, 0.467846, 0.860704, 0.200772]
  translation : [0.017963, -0.0880924, 0.509429]
- rotation : [0.909426, 0.0418792, 0.413752, 0.402937, -0.334892, -0.851756, 0.102892, 0.941325, -0.321434]
  translation : [-0.062037, -0.123092, 0.579428]
- rotation : [0.353694, 0.66771, -0.65503, 0.789779, -0.588393, -0.173329, -0.501149, -0.456023, -0.735454]
  translation : [-0.137037, -0.0980924, 0.579428]
- rotation : [0.0651002, 0.291448, -0.954369, -0.54116, -0.793233, -0.279154, -0.838396, 0.53464, 0.10608]
  translation : [0.222963, -0.0980924, 0.504429]
