- rotation : [0.972102, -0.228897, 0.0512237, 0.188859, 0.893327, 0.407798, -0.139103, -0.386747, 0.911634]
  translation : [0.0433919, 0.122948, 0.377258]
- rotation : [0.889895, -0.440365, -0.11902, 0.453156, 0.823484, 0.341354, -0.0523094, -0.357704, 0.932369]
  translation : [0.148392, 0.0329485, 0.452258]
- rotation : [0.911408, -0.0864689, 0.402315, 0.405553, 0.354393, -0.842575, -0.0697212, 0.93109, 0.358064]
  translation : [0.203392, -0.0070515, 0.477258]
- rotation : [0.964923, 0.0322208, 0.260549, 0.222653, 0.425407, -0.877186, -0.139103, 0.904429, 0.403311]
  translation : [0.158392, -0.0920515, 0.532258]
- rotation : [-0.233877, 0.0426598, 0.97133, 0.941718, 0.258399, 0.215398, -0.241802, 0.965096, -0.100607]
  translation : [0.0233919, 0.0629485, 0.492258]
- rotation : [-0.21666, -0.00441423, 0.976237, 0.872394, 0.447945, 0.195639, -0.438164, 0.89405, -0.0932007]
  translation : [-0.111608, -0.0470515, 0.562258]
