- rotation : [0.920352, 0.042562, -0.388768, -0.371638, 0.404786, -0.835484, 0.121808, 0.91342, 0.388363]
  translation : [-0.130805, 0.0726715, 0.500033]
- rotation : [-0.102912, -0.0748506, 0.99187, 0.987204, -0.129797, 0.0926325, 0.121808, 0.988711, 0.0872504]
  translation : [-0.0608046, -0.0473285, 0.545033]
- rotation : [-0.977763, 0.0362734, -0.206552, -0.170712, 0.434408, 0.884391, 0.121808, 0.899985, -0.418556]
  translation : [0.0291954, -0.112328, 0.555033]
- rotation : [0.141967, 0.11365, -0.983326, -0.816962, -0.547476, -0.181224, -0.558943, 0.829068, 0.0151245]
  translation : [0.0741954, -0.00232847, 0.510033]
- rotation : [0.981641, 0.165357, -0.0950711, -0.00312684, -0.484418, -0.874831, -0.190713, 0.859067, -0.475007]
  translation : [0.164195, 0.00267153, 0.495033]
