- rotation : [0.174107, -0.968157, 0.179884, 0.983337, 0.180639, 0.020467, -0.0523094, 0.173323, 0.983475]
  translation : [0.13164, 0.0629001, 0.411199]
- rotation : [-0.307358, 0.234098, 0.92235, 0.949036, 0.00439272, 0.315136, 0.0697212, 0.972203, -0.223518]
  translation : [0.16164, 0.0679001, 0.451199]
- rotation : [-0.968986, -0.0750843, 0.235431, -0.204245, 0.779641, -0.591984, -0.139103, -0.62171, -0.770797]
  translation : [0.21664, -0.0720999, 0.486199]
- rotation : [-0.97071, -0.214269, 0.108682, -0.240256, 0.865714, -0.439108, 5.41234e-16, -0.452358, -0.891837]
  translation : [0.0266398, -0.1371, 0.546199]
- rotation : [-0.972132, -0.162234, -0.169233, -0.0663878, 0.882835, -0.464969, 0.224839, -0.440776, -0.869002]
  translation : [0.11664, 0.00290007, 0.521199]
- rotation : [-0.0176727, -0.998973, 0.0417211, -0.89094, -0.00320398, -0.45411, 0.453778, -0.0451964, -0.889968]
  translation : [-0.0333602, 0.0329001, 0.521199]
- rotation : [-0.0189664, -0.67676, -0.735959, -0.956161, 0.227423, -0.184488, 0.292228, 0.700196, -0.651405]
  translation : [-0.10836, 0.00790007, 0.516199]
- rotation : [0.217068, -0.299975, -0.928922, -0.880026, 0.35166, -0.319202, 0.422418, 0.886764, -0.187651]
  translation : [-0.15836, 0.0129001, 0.526199]
