- rotation : [0.974396, -0.202107, -0.0985164, 0.224839, 0.87588, 0.426946, -6.93889e-18, -0.438164, 0.898895]
  translation : [-0.0710429, 0.134934, 0.455907]
- rotation : [-0.0610606, -0.157907, 0.985564, -0.061012, 0.986151, 0.154221, -0.996268, -0.0507144, -0.0698492]
  translation : [0.0189571, 0.129934, 0.440907]
- rotation : [0.948231, -0.178271, 0.262827, 0.184222, -0.365361, -0.912455, 0.258691, 0.913636, -0.313605]
  translation : [0.158957, 0.149934, 0.435907]
- rotation : [0.828071, -0.559615, 0.0336187, 0.558178, 0.82857, 0.0436979, -0.0523094, -0.0174197, 0.998479]
  translation : [0.188957, 0.00493436, 0.480907]
- rotation : [0.836674, -0.336185, 0.432384, 0.482758, 0.825541, -0.292279, -0.258691, 0.45328, 0.853005]
  translation : [0.0989571, -0.0350656, 0.500907]
- rotation : [0.941834, 0.0150378, 0.335741, 0.287793, 0.479827, -0.82882, -0.173561, 0.877234, 0.447589]
  translation : [-0.0260429, -0.0750656, 0.535907]
