- rotation : [0.932755, 0.10275, -0.345557, -0.339308, -0.0736487, -0.937788, -0.121808, 0.991977, -0.0338321]
  translation : [0.129283, 0.113869, 0.400379]
- rotation : [0.990138, -0.0904415, 0.106988, 0.069202, -0.348259, -0.934841, 0.121808, 0.933025, -0.338565]
  translation : [0.0992831, -0.0061309, 0.445379]
- rotation : [-0.144253, -0.114866, 0.982852, 0.915967, -0.391326, 0.088702, 0.374426, 0.913055, 0.161663]
  translation : [0.0392831, 0.0088691, 0.480379]
- rotation : [-0.854403, 0.405666, 0.3247, 0.514912, 0.744858, 0.424326, -0.0697212, 0.529737, -0.845291]
  translation : [-0.0657169, -0.0011309, 0.485379]
- rotation : [-0.946444, 0.276538, -0.166644, 0.168352, 0.863105, 0.476138, 0.275501, 0.422583, -0.863436]
  translation : [0.0792831, -0.0761309, 0.470379]
- rotation : [-0.904487, 0.338576, 0.259362, 0.423281, 0.787189, 0.448517, -0.0523094, 0.515461, -0.855315]
  translation : [0.00928313, -0.0711309, 0.555379]
- rotation : [-0.938387, -0.244754, 0.243978, 0.0506526, 0.600949, 0.797681, -0.341854, 0.760892, -0.551525]
  translation : [0.259283, 0.0088691, 0.475379]
