- rotation : [0.982427, 0.0177194, -0.185807, -0.173139, 0.458368, -0.871735, 0.0697212, 0.888586, 0.453381]
  translation : [0.0854212, 0.0896415, 0.421502]
- rotation : [0.970692, 0.1155, -0.210754, -0.223984, 0.116916, -0.967554, -0.0871117, 0.986403, 0.13936]
  translation : [0.0704212, 0.0296415, 0.456502]
- rotation : [0.660386, -0.483732, -0.574364, -0.573644, 0.168611, -0.801563, 0.484585, 0.858821, -0.166142]
  translation : [0.130421, -0.0253585, 0.441502]
- rotation : [0.567823, -0.818548, -0.0869274, -0.354592, -0.338538, 0.871583, -0.742861, -0.464081, -0.48248]
  translation : [0.175421, 0.0596415, 0.476502]
- rotation : [0.522305, -0.804451, -0.282941, -0.0920489, -0.383042, 0.919133, -0.847776, -0.454024, -0.274113]
  translation : [0.135421, 0.0396415, 0.481502]
- rotation : [-0.000373118, 0.192368, -0.981323, -0.468549, -0.866971, -0.169773, -0.883437, 0.459735, 0.0904572]
  translation : [0.210421, -0.100358, 0.506502]
- rotation : [-0.531012, -0.047244, -0.846046, 0.760152, -0.467743, -0.450982, -0.374426, -0.882601, 0.28429]
  translation : [0.0854212, -0.0853585, 0.526502]
- rotation : [0.900654, 0.0950164, 0.424022, 0.399051, -0.567082, -0.720539, 0.171992, 0.818162, -0.548661]
  translation : [-0.0645788, -0.130358, 0.581502]
- rotation : [0.553624, 0.657381, -0.511224, 0.75869, -0.651259, -0.0158371, -0.34335, -0.379093, -0.859302]
  translation : [-0.129579, -0.0903585, 0.571502]
