- rotation : [0.928218, -0.36223, -0.0848589, 0.180334, 0.637571, -0.748988, 0.325409, 0.679921, 0.657127]
  translation : [0.044432, -0.0194537, 0.500111]
- rotation : [0.488236, 0.0257358, 0.872332, 0.780449, 0.434436, -0.449627, -0.390544, 0.900335, 0.192022]
  translation : [-0.070568, 0.00554626, 0.495111]
- rotation : [0.4198, 0.403816, 0.812835, 0.726225, 0.38772, -0.567689, -0.544394, 0.828617, -0.130496]
  translation : [-0.120568, 0.0405463, 0.500111]
- rotation : [0.970326, 0.0417777, 0.238165, 0.241802, -0.16765, -0.955733, 4.57967e-15, 0.984961, -0.172777]
  translation : [0.144432, 0.165546, 0.445111]
- rotation : [-0.0762246, 0.0108706, 0.997031, 0.879768, 0.471327, 0.0621208, -0.469253, 0.881891, -0.0454903]
  translation : [0.229432, 0.0405463, 0.460111]
- rotation : [-0.969418, -0.0231898, -0.244316, -0.222065, 0.506695, 0.833035, 0.104476, 0.861814, -0.496349]
  translation : [0.104432, -0.0844537, 0.575111]
- rotation : [-0.965783, -0.211503, 0.1501, -0.256996, 0.858285, -0.444185, -0.0348818, -0.467561, -0.883272]
  translation : [-0.015568, -0.144454, 0.545111]
