- rotation : [0.727609, 0.536268, 0.427787, -0.677989, 0.467192, 0.567505, 0.104476, -0.702957, 0.703517]
  translation : [-0.092037, 0.0219076, 0.499429]
- rotation : [0.728832, -0.317181, 0.606795, -0.679129, -0.447637, 0.581726, 0.0871117, -0.836072, -0.541659]
  translation : [-0.062037, -0.0430924, 0.544429]
- rotation : [0.882532, -0.458555, -0.104233, 0.392704, 0.596729, 0.699784, -0.258691, -0.658514, 0.706709]
  translation : [0.152963, -0.0830924, 0.514428]
- rotation : [0.871419, 0.45781, -0.17618, -0.482743, 0.73657, -0.473734, -0.0871117, 0.49787, 0.862865]
  translation : [0.092963, 0.0319076, 0.479428]
- rotation : [0.910238, -0.269659, 0.314247, 0.17684, -0.433064, -0.883846, 0.374426, 0.860081, -0.346504]
  translation : [0.187963, 0.0519076, 0.459429]
- rotation : [0.922505, 0.302108, 0.240242, 0.179224, -0.886507, 0.426596, 0.341854, -0.35048, -0.871952]
  translation : [0.112963, 0.0769076, 0.449428]
- rotation : [0.945481, -0.25018, 0.208506, -0.235611, -0.0834507, 0.968258, -0.224839, -0.964596, -0.137846]
  translation : [0.147963, 0.141908, 0.439429]
