- rotation : [0.980346, -0.195556, 0.0260653, 0.155192, 0.845987, 0.51012, -0.121808, -0.496049, 0.859708]
  translation : [0.0288642, -0.0658778, 0.513126]
- rotation : [0.864972, -0.497161, 0.0682196, 0.499086, 0.838103, -0.220219, 0.0523094, 0.224531, 0.973062]
  translation : [-0.00613575, 0.0241222, 0.483126]
- rotation : [0.958767, -0.283672, 0.0171927, 0.256765, 0.890579, 0.375421, -0.121808, -0.355527, 0.926695]
  translation : [-0.111136, 0.104122, 0.448126]
- rotation : [0.278664, -0.958506, -0.060113, 0.909367, 0.243212, 0.33749, -0.308866, -0.148711, 0.939408]
  translation : [-0.126136, -0.0108778, 0.533126]
- rotation : [-0.940881, -0.27029, -0.204174, 0.218684, -0.94499, 0.243252, -0.258691, 0.184222, 0.948231]
  translation : [0.123864, 0.0991222, 0.418126]
- rotation : [-0.891701, 0.410358, -0.190987, -0.452289, -0.824092, 0.341037, -0.0174436, 0.390484, 0.920444]
  translation : [0.0438642, 0.114122, 0.453126]
- rotation : [0.0292089, 0.0388589, -0.998818, -0.89842, 0.439041, -0.00919205, 0.438164, 0.897626, 0.0477355]
  translation : [0.188864, 0.104122, 0.483126]
- rotation : [-0.0345582, -0.124398, -0.99163, -0.926613, 0.375724, -0.0148415, 0.374426, 0.918344, -0.128253]
  translation : [0.253864, 0.0741222, 0.498126]
- rotation : [0.974934, -0.218738, 0.0407052, 0.186189, 0.902241, 0.388967, -0.121808, -0.371638, 0.920352]
  translation : [0.123864, -0.0908778, 0.588126]
